0.0 0.0 0.0 0.0 0.0 0.0 0.0 0.0 0.0 0.008646933054782511 neg
0.0 0.0 0.0 0.0 0.0 0.0 0.0 0.0 0.006823960936203981 0.0 pos
0.0 0.007939708846689538 0.0 0.0 0.0 0.0 0.0 0.0 0.0 0.0 pos
0.013505683166321168 0.0 0.0 0.0 0.0 0.0 0.0 0.0 0.0 0.0 neu
0.0 0.02823007589934058 0.0 0.0 0.0 0.0 0.0 0.0 0.0 0.0 pos
0.0 0.0020164339928100414 0.0 0.0 0.0 0.0 0.0 0.0 0.0 0.0 pos
0.0078079730805294244 0.0 0.0 0.0 0.0 0.0 0.0 0.0 0.0 0.0 neg
0.0 0.0 0.0 0.0 0.0 0.0 0.0 0.0 0.0 0.0022281695105704344 neu
0.0 0.004097914243452665 0.0 0.0 0.0 0.0 0.0 0.0 0.0 0.0 pos
0.0 0.0 0.0 0.006058507384247633 0.0 0.0 0.0 0.0 0.0 0.0 neu
0.0 0.0 0.0 0.002426525895649696 0.0 0.0 0.0 0.0 0.0 0.0 pos
0.08923397806319343 0.0 0.0 0.0 0.0 0.0 0.0 0.0 0.0 0.0 neg
0.0 0.0 0.0 0.006066314739124241 0.0 0.0 0.0 0.0 0.0 0.0 neg
0.0 0.0 0.0 0.0 0.0 0.0 0.0 0.0 0.0 0.0012401522407517022 pos
0.0 0.0 0.0 0.0 0.010471547110326067 0.0 0.0 0.0 0.0 0.0 neg
0.0 0.0 0.0 0.004151199504021526 0.0 0.0 0.0 0.0 0.0 0.0 neg
0.0 0.0 0.0 0.0013054520902829759 0.0 0.0 0.0 0.0 0.0 0.0015682457620154638 pos
0.0 0.002177748712234845 0.0 0.0 0.0 0.004349426570251725 0.0 0.0 0.0 0.0 neg
0.0 0.003402732362866945 0.0 0.0 0.0 0.0 0.0 0.0 0.0 0.0 pos
0.005205315387019616 0.0 0.009084104422939896 0.0 0.0 0.0 0.0 0.0 0.0 0.004908935952975488 neg
0.0 0.0 0.0 0.0 0.0 0.0035903285367643954 0.0 0.0 0.0 0.0 neu
0.0 0.0 0.0 0.0 0.0 0.0 0.0576162620486163 0.0 0.0 0.0 neu
0.0 0.0 0.0 0.002705436918138167 0.0 0.0 0.0 0.0 0.0 0.0 neg
0.0 0.0014246954192190576 0.0 0.0 0.0 0.0028454192515665493 0.0 0.0 0.0 0.0017617115943388668 pos
0.01420977091432843 0.0 0.0 0.0 0.0 0.0 0.0 0.0 0.0 0.0 neg
0.0 0.0 0.0 0.0020378615747014767 0.0 0.0 0.0 0.0 0.0 0.0024480927349903735 pos
0.0 0.0 0.0 0.0 0.0 0.0 0.0 0.0 0.0 0.008673457389306385 neu
0.0 0.0 0.0 0.005061785201677861 0.0 0.0 0.0 0.0 0.0 0.0 pos
0.0 0.00686677521875852 0.0 0.0 0.0 0.0 0.0 0.0 0.0 0.0 neg
0.0 0.0 0.0 0.0 0.0 0.0 0.0 0.0 0.0 4.325450679078907E-4 neu
0.0 0.0 0.0 0.0 0.0 0.0 0.0 0.0 0.0 0.0019594921059694257 neu
0.0 0.001693804553960435 0.0 0.0 0.0 0.0 0.0 0.0 0.0 0.0020944793399362083 pos
0.0 0.002458748546071599 0.0 0.0 0.0 0.0 0.0 0.0 0.0 0.0 neg
0.0 4.619466965346641E-4 0.0 0.0 0.0 0.0 0.0 0.0 0.0 0.0 neu
0.0 0.0 0.0 0.0 0.0 0.0 0.0 0.0 0.0 0.0017293866109565023 pos
0.010982643453931499 0.0 0.0 0.0 0.0 0.0 0.0 0.0 0.0 0.0 neg
0.0 0.023819126540068618 0.0 0.0 0.0 0.0 0.0 0.0 0.0 0.009817871905950976 pos
0.0 0.0 0.0 0.00355012084280574 0.0 0.0 0.0 0.0 0.0 0.0 neg
0.0 0.007190679710209394 0.0 0.0 0.0 0.0 0.0 0.0 0.0 0.0 pos
0.010095157114219863 0.0 0.0 0.0 0.0 0.0 0.0 0.0 0.0 0.009520360636073675 neg
0.0 0.0 0.0 0.0011420330513246995 0.0 0.0 0.0 0.0 0.0 0.0 neu
0.0 0.0 0.0 0.0013411567628377238 0.0 0.0 0.0 0.0 0.0 0.0 pos
0.0 0.0 0.0 0.0 0.0059351368098238 0.0 0.0 0.0 0.0 0.0 neg
0.0 0.0 0.0 0.0 0.0 0.0 0.00576162620486163 0.0 0.0 0.0 neg
0.0 0.0 0.0 0.0 0.0 0.0 0.0 0.0 0.0 0.0011722832126508627 neu
0.0 0.0 0.0 0.0022416477321716244 0.0 0.0 0.0 0.0 0.0 0.0 pos
0.0 0.0 0.0 0.0016482703913026648 0.0 0.0 0.0 0.0 0.0 0.0 neg
0.0 0.0 0.0 6.039851472363884E-4 0.0 0.0 0.0 0.0014111540666214325 0.0 7.25570210139564E-4 neu
0.0 0.0 0.0 0.005855050046716929 0.0 0.0 0.0 0.0 0.0 0.0017584248189762943 pos
0.012114188537063834 0.0 0.0 0.0 0.0 0.0 0.0 0.0 0.0 0.0 neg
0.0 0.0 0.0 0.0 0.0 0.0 0.0 0.005856514800451249 0.0 0.003011232277863558 neu
0.0 0.0 0.0 0.010189307873507384 0.0 0.0 0.0 0.0 0.0 0.0 neg
0.020292803133152616 0.0 0.0 0.0 0.0 0.0 0.0 0.0 0.0 0.0 neg
0.0 0.0 0.0 0.0021090771673657758 0.0 0.0 0.0 0.0 0.0 0.0 pos
0.0 0.0 0.0 0.0017953700372083947 0.0 0.0 0.0 0.0 0.0 0.0 neg
0.0 0.006073402783125066 0.0 0.0015629018052989413 0.0 0.0 0.0 0.0 0.0 0.0 pos
0.0 0.0 0.0 0.0069431566925669775 0.0 0.0 0.0 0.0 0.0 0.004170423464474751 neg
0.0 0.0 0.0 0.0011905564586647474 0.001247369420577536 0.0 0.0 0.0 0.0 0.0 neu
0.0 0.0 0.0 9.725152851069954E-4 0.0 0.0 0.0 0.0 0.0 2.920718013545999E-4 neu
0.0 0.0 0.0 0.0 0.0 0.0 0.0 0.0 0.0 0.004080154558317289 pos
0.0 0.0 0.0 0.0012757344817236887 0.0 0.0 0.0 0.0 0.0 0.0 neg
0.0 0.0 0.0 0.0 0.0 0.0 0.0 0.0 0.0 0.0013561377021169695 neu
0.0 0.0 0.0 6.740349710138045E-4 0.0 0.0 0.0 0.0 0.0 0.0 neg
0.0 0.0 0.0 0.0 0.0 0.0 0.001606944428333619 0.0 0.0 0.0 pos
0.010198168921507818 0.0 0.0 0.0 0.0 0.0 0.0 0.0 0.0 0.0 neg
0.0 0.0 0.0 6.705783814188619E-4 0.0 0.0 0.0 0.0 0.0 0.0 pos
0.01753369393522397 0.0 0.0 0.0027529007237195387 0.0 0.0 0.0 0.0 0.0 0.0 neg
0.0 0.0 0.0 0.0 0.0012705045566624362 0.0 0.0 0.0 0.0 0.0 pos
0.0 0.0 0.0 5.091347866710373E-4 0.0010668610618567115 0.0 0.0 0.0 0.0 6.116260239917545E-4 neg
0.0 0.0 0.0 0.012286436115929484 0.0 0.0 0.0 0.0 0.0 0.002108536248257928 pos
0.0 0.0 0.0 0.0015818078755243316 0.0 0.0 0.0 0.0 0.0 0.0019002332721195438 pos
0.0 0.0 0.0 0.0 0.0 0.0 0.0 0.0 0.0 6.420406695989739E-4 neg
0.0 0.0 0.0 2.2887301816221367E-4 0.0 0.0 0.0 0.0 0.0 0.0010997849509583356 neu
0.0 0.0 0.0 0.0 0.001198274705773464 0.0 0.0 0.0 0.0 0.0 neg
0.0 0.0 0.0 0.0035025745815181627 0.0 0.0 0.0 0.0 0.0 0.0 pos
0.0 0.0 0.0 0.0 0.0011093339381384563 0.0 0.0 0.0012369022486783002 0.0 0.0 neg
0.0 0.0 0.0 0.0 0.0 0.0 0.0 0.0 0.0 0.002176710630418692 neu
0.0 0.0 0.0 0.0 0.0012379765785551148 0.0 0.0 0.0 0.0 0.0 neg
0.0 0.0 0.0 0.0 0.0011635052344806743 0.0 0.0 0.0012973029954290454 0.0 0.0 neg
0.0 0.0 0.0 0.0 0.0 0.0 0.0 0.0 0.0 0.00107470433634127 pos
0.0 0.0 0.0 0.0 0.0 0.0 0.0 0.0 0.0 5.540950634751873E-4 neg
0.0 0.0 0.0 0.005230511375067123 0.0 0.0 0.0 0.0 0.0 0.0 neu
0.001875085467744402 0.0 0.0 0.0 0.0 0.0 0.0 0.0 0.0 0.0 neg
0.0 0.0 0.0 0.0 0.0 0.0 0.0 0.023834492267084693 0.0 0.0 neu
0.0 0.0 0.0 0.0 0.0 0.0 0.0 0.0 0.0 0.011132075231944413 pos
0.0 0.0 0.0 0.0 0.0 0.0 0.0 0.0 0.0 0.0033964529836803376 neu
0.0 0.0 0.0 0.0 0.0026220620355999883 0.0 0.0 0.0 0.0 0.0 pos
0.0 0.0 0.0 0.0 0.002194970489080364 0.0 0.0 0.0 0.0 0.0 neg
0.0 0.0 0.0028360130881373334 0.0 0.0 0.0 0.0 0.0 0.0 0.0 neg
0.0 0.0 0.0 0.004934444693459551 0.0 0.0 0.0 0.0 0.0 0.0 neg
0.002130052332284242 0.0032489857173154126 0.0 0.0010032950207929266 0.0 0.005191131456395921 6.753824408938399E-4 0.0 0.0042613396298119485 0.0016070173963704923 pos
0.0 0.0 0.0 0.0 7.293846035142824E-4 0.0 0.0 0.0 0.0 4.181524857902812E-4 neg
0.0 0.0 0.0 0.0 0.0 0.0 0.0015382982585795614 0.0 0.0 0.0 neu
0.009168995911080426 0.0 0.0 0.0 0.0 0.0 0.0 0.0 0.0 0.0 pos
0.0 0.0 0.0 0.006396005757554906 0.0 0.0 0.0 0.0 0.0 0.002561183975465472 pos
0.0 0.0 0.0 3.4290939958919075E-4 0.0 0.0 0.0 0.0 0.0 0.0 neu
0.0 0.0 0.0 0.003982622874416591 0.0 0.0 0.0 0.0 0.0 0.0 pos
0.0 0.0 0.0 0.002232081667880707 0.0 0.0 0.0 0.0 0.0 0.0 neg
0.0 0.0014463226741597644 0.0 0.0 0.001559803506946103 0.0 0.0 0.0 0.0 0.0 neu
0.0 0.006222139177813843 0.0 0.0 0.0 0.0 0.0 0.0 0.0 0.0 neu
0.0 0.0 0.0 0.015204974927520707 0.0 0.0 0.0 0.0 0.0 0.0 neu
0.0 0.0025620573085115826 0.0 0.002637232626084264 0.0 0.0 0.0 0.0 0.0 5.280200016645903E-4 neu
0.0 0.008240130262510225 0.0 0.0 0.0 0.0 0.0 0.0 0.0 0.0 neu
0.0 0.0 0.0 0.0 0.0 0.0 0.0 0.0 0.0 0.002527981322229666 pos
0.0015763731140501045 0.004808908828278838 0.0 0.0 0.0 0.0 0.0 0.0 0.0 0.0 neg
0.0 0.0 0.0 0.00866567305130067 0.0 0.0 0.0 0.0 0.0 0.0 neu
0.0 0.01402844262482569 0.0 0.0 0.0 0.0 0.0 0.0 0.0 0.0 neu
0.0 0.0 0.0 0.0 0.0 0.0 0.0 0.0 0.0 0.019635743811901953 pos
0.0 0.0018104799270360946 0.0 0.0 0.0 0.0 0.0 0.0 0.0 0.0 neg
0.0 0.0 6.111240536806097E-4 0.0 0.0 0.0 0.0 0.0 0.0 9.907312925416544E-4 neu
0.0 0.0 0.0 0.0 0.0 0.0 0.0 0.0 0.0 0.0029149970194988464 pos
0.0 0.0012746020891006619 0.0 0.0 0.0 0.0 0.0 0.0 0.0 0.0 neg
0.0 0.0 0.0 0.0 0.0 0.0 0.0 0.0 0.0 0.005370459845990278 neu
0.0 0.003570079856122697 0.0 0.0 0.0 0.0 0.0 0.0 0.0 0.0 neu
0.0 0.0 0.0 0.008481910337946687 0.0 0.0 0.0 0.0 0.0 0.0 pos
0.0 0.0 0.0 0.0 0.024176954357664596 0.0 0.0 0.0 0.0 0.0 neu
0.0 0.0 0.0 0.0 0.0 0.0 0.0 0.0 0.0 0.00778938597496937 pos
0.0 0.0 0.0 0.0014944318214477495 0.0 0.0 0.0 0.0 0.0 0.0 neg
0.0 0.0 0.0 0.0 0.0 0.0 0.0 0.0037486485328041743 0.0 0.0 neu
0.006575135225708989 0.0 0.002294931643690079 0.0 0.0 0.004006050788389746 0.0 0.0 0.0 0.0012401522407517022 neg
0.0 0.0 0.0 0.0 0.0021979049416058724 0.0 0.0 0.0 0.0 0.0 neg
0.0 0.001181724107414257 0.0 0.0 0.0 0.0 0.0 0.0 0.0 0.0 neg
0.0 0.00158464043509812 0.0 0.0 0.0 0.0 0.0 0.0 0.0 0.0 neu
0.0 0.0 0.0 0.0 0.0 0.0 0.028293700113159792 0.0 0.0 0.0 neg
0.0 0.0045302350625984885 0.0 0.0 0.0 0.0 0.0 0.0 0.0 0.0 neu
0.0 0.0 0.0 0.0 0.0 0.0 0.0026276073073581234 0.0 0.0 0.0 neg
0.0 0.0 0.0 0.0329654078260533 0.0 0.0 0.0 0.0 0.0 0.0 neu
0.0 0.0 0.0 0.002425275753508712 0.0 0.0 0.0 0.0 0.0 0.0 pos
0.0 0.0 0.0 0.0 0.004292514089611469 0.0 0.0 0.0 0.0 0.0 neu
0.0 0.0 0.0 0.0 0.0 0.0 0.0 0.0 0.0 0.0017421732032741103 pos
0.0011331298801675355 0.003456743987674357 0.0 0.0 0.0 0.006903851698812262 0.0 0.0 0.0 0.0 neu
0.01529725338226173 0.0038888369861336514 0.0 0.0 0.0 0.0 0.0 0.0 0.0 0.0 neu
0.0 0.0037547391590255948 0.0 0.0 0.0 0.0 0.0 0.0 0.0 0.0 pos
0.00751444025795313 0.0 0.0 0.0 0.0 0.0 0.0 0.0 0.0 0.0 neg
0.022975185156500374 0.011681410716968517 0.0 0.0 0.0 0.0 0.0 0.0 0.0 0.0 neg
0.022843898384177518 0.00435549742446969 0.0 0.0 0.0 0.0 0.0 0.0 0.0 0.0 pos
0.0 0.0 0.0 0.005094653936753692 0.0 0.0 0.0 0.0 0.0 0.0 neg
0.0 0.0 0.0 0.0 0.0 0.0 0.00328723486791898 0.0 0.0 0.0 neg
0.0 0.0 0.0 0.0 0.0 0.08228644862638398 0.0 0.0 0.0 0.0 pos
0.0 0.0 0.0 0.0 0.0 0.0 0.005803835920648162 0.0 0.0 0.0 neg
0.0 0.0021839886798916785 0.0 0.0 0.0 0.0 0.0 0.0 0.0 0.0 neu
0.0 0.007156920650537049 0.0 0.0 0.0 0.0 0.0 0.0 0.0 0.0 pos
0.0 0.0014246954192190576 0.0 0.007332492581869798 0.0 0.0 0.0 0.0 0.0 0.0 neg
0.0 0.014945334299650897 0.0 0.0 0.0 0.0 0.0 0.0 0.0 0.0 pos
0.0 0.0 0.0 0.005811679305630137 0.0 0.0 0.0 0.0 0.0 0.0 neu
0.0 0.0 0.0 0.0 0.0 0.0 0.0 0.0 0.0 0.0027721050087390993 pos
0.0 0.008065735971240166 0.0 0.0 0.0 0.0 0.0 0.0 0.0 0.0 pos
0.0 0.0 0.0 0.007691928492745769 0.0 0.0 0.0 0.0 0.0 0.0 neu
0.0 0.03425672131605374 0.0 0.0 0.0 0.0 0.0 0.0 0.0 0.0 pos
0.0 0.0035784603252685247 0.0 0.0 0.0 0.0 0.0 0.0 0.009386950959191391 0.0 pos
0.009798240728507513 0.0 0.0 0.0 0.0 0.0 0.0 0.0 0.0 0.0 neg
0.0 0.0059547816350171544 0.0 0.0 0.0 0.0 0.0 0.0 0.0 0.007363403929463232 pos
0.0 0.0 0.0 0.0 0.0 0.0 0.0 0.0 0.0 0.007854297524760781 neu
0.0 0.0 0.0 0.0 0.0 0.0 0.0 0.0 0.0 0.0020806086158306706 pos
0.03172763664469099 0.01209860395686025 0.0 0.0 0.0 0.0 0.0 0.0 0.0 0.0 neg
0.02939472218552254 0.014945334299650897 0.0 0.0 0.0 0.0 0.0 0.0 0.0 0.0 neg
0.0 0.0 0.0 0.0 0.0 0.0 0.0 0.0 0.0 0.006684508531711303 pos
0.07687850417752048 0.0 0.0 0.0 0.0 0.0 0.0 0.0 0.0 0.0 neg
0.0 0.03143142471266787 0.0 0.0 0.0 0.0 0.0 0.0 0.0 0.0 pos
0.01753369393522397 0.0 0.0 0.0 0.0 0.0 0.0 0.0 0.0 0.0 neg
0.0 0.0 0.0 5.781700119823645E-4 0.0 0.0 0.0 0.0013508394491829338 0.0 0.0 neg
0.0 0.0 0.0 0.0 0.0 0.0 0.05194908873235896 0.0 0.0 0.0 neu
0.0 0.0 0.0 0.00512795232849718 0.0 0.0 0.0 0.0 0.0 0.0 neu
0.0 0.0 0.0 0.0 0.0 0.0 0.0 0.0018572331636689374 0.0 9.549297902444719E-4 neg
0.0 0.0 0.0 0.012904222142435336 0.0 0.0 0.0 0.0 0.0 0.0 neu
0.030751401671008198 0.0 0.0 0.0 0.0 0.0 0.0 0.0 0.0 0.0 neg
0.0 0.0 0.0 0.0042181543347315515 0.0 0.0 0.0 0.0 0.0 0.0 pos
0.0 0.0 0.0 0.0 0.0 0.0 0.022797801530028035 0.0 0.0 0.0 neu
0.0 0.007400116983322288 0.0 0.0 0.0 0.0 0.0 0.0 0.0 0.0 pos
0.0 0.0 0.0 6.582019347819366E-4 0.0 0.0 0.0 0.0 0.0 0.0015814021861934458 neg
0.0 0.0 0.0 0.0 0.0 0.0 0.0 0.0 0.0 0.0020760257774698103 pos
0.05125233611834699 0.0 0.0 0.0 0.0 0.0 0.0 0.0 0.0 0.0 neg
0.0 0.0 0.0 0.0026915152873415726 0.0 0.0 0.0 0.0 0.0 0.0016166650136728881 pos
0.0 0.0 0.0 0.0 0.0 0.0 0.0 0.0 0.0 0.0013932235077180985 pos
0.0 0.007939708846689538 0.0 0.0 0.0 0.0 0.0 0.0 0.0 0.0 pos
0.0 0.0 0.0 0.0015088013581924394 0.0 0.0 0.0 0.0 0.0 0.0018125301980217187 pos
0.0 0.0 0.0 0.0 0.0 0.0 0.02052392754322472 0.0 0.0 0.0 neu
0.0 0.0 0.0 9.956557186041478E-4 0.0 0.0 0.0 0.0 0.0 0.0 neg
0.0 0.0 0.0 0.0 0.0 0.0 0.0 0.0 0.0 0.0035928171650748174 pos
0.0 0.0 9.625541110399891E-4 0.0 0.0 0.0 0.0 0.0 0.0 0.0 neg
0.0 8.612565528612381E-4 0.0 8.865273517062921E-4 0.0 0.0 0.0 0.0 0.0 0.0 pos
0.0 0.0435549742446969 0.0 0.0 0.0 0.0 0.0 0.0 0.0 0.0 pos
0.0 0.0 0.0 0.0 0.0 0.0 0.0 0.0 0.0 0.0034273298289865224 neg
0.0 0.06627930863323442 0.0 0.0 0.0 0.0 0.0 0.0 0.0 0.0 pos
0.0 0.0078042189346299905 0.0 0.0 0.0 0.0 0.0 0.0 0.0 0.0 pos
0.025791498175684293 0.004917497092143198 0.0 0.0 0.0 0.0 0.0 0.0 0.0 0.00608074647078254 neg
0.0 0.0 0.0 0.007332492581869798 0.0 0.0 0.0 0.0 0.0 0.0 neu
0.0 0.0 0.0 8.956355094293019E-4 0.0 0.0 0.0 0.0 0.0 0.0 pos
0.0 0.0 0.0014498321273520034 0.0 0.0 0.0 0.0 0.0 0.0 0.0 neg
0.0 0.0 0.0 0.0 0.0 0.0 0.007010828346623665 0.0 0.0 0.0 neu
0.0 0.0 0.0 0.0 0.0 0.0 0.0 0.0 0.0 0.00252009546249009 neu
0.0 0.0 0.0 0.025308926008389306 0.0 0.0 0.0 0.0 0.0 0.0 neg
0.04997102771538832 0.0 0.0 0.0 0.0 0.0 0.0 0.0 0.0 0.0 neg
0.0 0.03175883538675815 0.0 0.0 0.0 0.0 0.0 0.0 0.0 0.0 neg
0.0 0.0 0.0 0.001196001076615958 0.0 0.0 0.0 0.0 0.0 0.0 neu
0.0 0.0 0.0 0.0 0.0 0.0 0.003513186710281482 0.0 0.0 0.014628846831040036 pos
0.0 0.0 0.0 0.0012840862622914377 0.0 0.0 0.0 0.0 0.0 0.0 neu
0.0 0.0017077193038436051 0.0 0.0 0.0 0.0 0.0 0.0 0.0 7.038952225327063E-4 neu
0.0 0.0 0.0 0.0 0.0 0.0 0.0034221321951122 0.0 0.0 0.002035671064732816 pos
0.0 0.010441260949071175 0.0 0.0 0.0 0.0 0.0 0.0 0.0 0.0 neg
0.0 0.0 0.0 0.0042295240229653286 0.0 0.0 0.0 0.0 0.0 0.0 neu
0.0 0.005330154190784586 0.0 0.0 0.0 0.0 0.0 0.0 0.0 0.013182037803794318 pos
0.05678525876748672 0.008661500560024953 0.0 0.0 0.0 0.0 0.0 0.0 0.0 0.0 neg
0.0 0.0 0.0 0.0 0.0 0.0 0.0 0.0 0.0 0.0024868488205047326 pos
0.0 0.03313965431661721 0.0 0.0 0.0 0.0 0.0 0.0 0.0 0.0 pos
0.0 0.0 0.0 0.004903604414125428 0.0 0.0 0.0 0.0 0.0 0.0 pos
0.0 0.02722185890293556 0.0 0.0 0.0 0.0 0.0 0.0 0.0 0.0 neg
0.08328504619231386 0.0 0.0 0.0 0.0 0.0 0.0 0.0 0.0 0.0 neg
0.006798779281005213 0.005185115981511536 0.0 0.0 0.0 0.0 0.0 0.0 0.0 0.0 pos
0.0 0.0 0.0 0.0 0.0 0.01951665768702697 0.0 0.0 0.0 0.0 pos
0.0 0.005908620537071285 0.0 0.0030409949855041414 0.0 0.011800769764248866 0.0 0.0 0.0 0.0 pos
0.0 0.014518324748232302 0.0 0.0 0.0 0.0 0.0 0.0 0.0 0.0 neu
0.0 0.0 0.0177974290735149 0.0 0.0 0.0 0.0 0.0 0.02040225055416088 0.0 pos
0.0 0.015879417693379076 0.0 0.0 0.0 0.0 0.0 0.0 0.0 0.0 pos
0.0 0.0 0.0 0.0 0.027864964344426993 0.0 0.0 0.0 0.0 0.0 neg
0.0 0.0 0.0 0.0 0.0 0.022062308689682664 0.0 0.0 0.0 0.0 pos
0.0 0.01639165697381066 0.0 0.0 0.0 0.0 0.0 0.0 0.0 0.0 neg
0.0 0.020191047663104523 0.0 0.0 0.0 0.0 0.010493027856536082 0.0 0.0 0.0 pos
0.0 0.0 0.0 0.006593081565210659 0.0 0.0 0.0 0.0 0.0 0.0 pos
0.0 0.007436215114948252 0.0 0.0 0.0 0.0 0.0 0.0 0.0 0.0 neg
0.0 0.0 0.0 0.0 0.0 0.008954701762282963 0.0 0.0 0.011761297378280978 0.0 neu
0.004501894388773722 0.00343338760937926 0.0 0.0 0.0 0.0 0.0 0.0 0.0 0.0 pos
4.5018943887737225E-4 0.0 0.0 3.534129307477786E-4 0.0 0.0 0.0014274299156188724 0.0 0.0 0.0 neu
0.025958975436565362 0.03959543113154264 0.0 0.0 0.0 0.0 0.0 0.0 0.0 0.0 pos
0.0017751697234596206 0.0 0.0030979539062246184 0.0 0.0 0.0 0.0 0.0 0.0 0.0 neu
0.0 0.020058211823215676 0.0 0.0 0.0 0.0 0.0 0.0 0.0 0.0 pos
0.0 0.0013514398036918365 0.0030924610801497518 0.0 0.0 0.0 0.0 0.0 0.0 0.0 neu
0.0017814983142740931 0.0 0.0031089983051772905 0.0 0.0 0.0 0.0 0.0 0.0 0.0 neu
0.0 0.0 0.0 0.0 0.0 0.07611496497940519 0.0 0.0 0.0 0.0 pos
0.0 0.011046551438872402 0.0 0.0 0.0 0.022062308689682664 0.0 0.0 0.0 0.0 pos
0.0 0.012918848292918571 0.014780915671224238 0.0 0.0 0.0 0.0 0.0 0.0 0.0 pos
0.0017657606966568309 0.0 0.0 0.0 0.0 0.0 0.0 0.0 0.0 0.0 neu
0.0 0.014381359420418788 0.0 0.0 0.0 0.0 0.0 0.0 0.0 0.0 pos
0.0 0.0 0.0 0.002075599752010763 0.0 0.0 0.0 0.0 0.0 0.0 neg
0.0 0.0031302342886332475 0.0 0.0 0.0 0.0015629356258604762 0.0 0.0018820216966542516 0.0 0.0 neu
0.0 0.0015244240985643916 0.0 0.001569153412520137 0.0 0.0 0.0 0.0 0.0 0.0 neg
0.0017657606966568309 0.0 0.0 0.0 0.0 0.0 0.0 0.0 0.0 0.0 neu
0.005461314504414024 0.0 0.0 0.0 0.0 0.0 0.0 0.0 0.0 0.00515035903263002 neg
0.005710974596044379 0.0 0.0 0.0 0.0 0.0 0.0 0.0 0.0 0.005385804016978821 neg
0.0 0.01599046257235376 0.0 0.0 0.0 0.0 0.0 0.0 0.0 0.0 neu
0.0 0.0044573804051590395 0.010199696194178128 0.0 0.0 0.0 0.0 0.0 0.0 0.005511787736674232 neg
0.0 0.0 0.0 0.0027920879226336955 0.0 0.0 0.0 0.0 0.0 0.0 pos
0.0053160667782328 0.0 0.0 0.0 0.0 0.0 0.0 0.0 0.0 0.0050133813987834775 neg
0.0 0.0 0.0 0.009568008612927665 0.0 0.0 0.0 0.0 0.0 0.0 pos
0.0 0.004187978292759318 0.009583231039584946 0.0 0.0 0.0 0.0 0.0 0.0 0.005178657708633482 neg
0.0 0.0 0.0 0.0 0.0 0.07611496497940519 0.0 0.0 0.0 0.0 pos
0.005260108180567191 0.0 0.009179726574760317 0.0 0.0 0.0 0.0 0.0 0.0 0.009921217926013618 neg
0.0 0.0 0.0 0.006763592295345418 0.0 0.0 0.0 0.0 0.0 0.0 neu
0.0 0.004011642364643135 0.009179726574760317 0.0 0.0 0.0 0.0 0.0 0.0 0.009921217926013618 neg
0.0 0.0 0.0 0.0031509104669079054 0.0 0.0 0.0 0.0 0.0 0.0 pos
0.0 0.004032867985620083 0.009228296556637355 0.0 0.0 0.0 0.0 0.0 0.0 0.009973711142553372 neg
0.004568779676835504 0.002177748712234845 0.0 8.966590928686498E-4 0.0 0.0 0.0 0.0 0.0 0.0 pos
0.011993046651693196 0.0 0.0 0.0 0.0 0.0 0.0 0.0 0.0 0.0 neg
0.011897863741759123 0.0 0.0 0.0 0.0 0.0 0.0 0.0 0.0 0.0 neg
0.0 0.0 0.0 0.003790225634106611 0.0 0.0 0.0 0.0 0.0 0.0 pos
0.0 0.008284913579154302 0.0 0.0 0.0 0.0 0.0 0.0 0.0 0.0 pos
0.008092474123949525 0.0 0.0 0.0 0.0 0.0 0.0 0.0 0.0 0.0 neg
0.0 0.0 0.0 0.0020646755427896537 0.0 0.0 0.0 0.0 0.0 0.0012401522407517022 pos
0.0 0.008564180329013436 0.0 0.0 0.0 0.0 0.0 0.0 0.0 0.005295032039164572 pos
0.01921962604438012 0.014657924024657612 0.0 0.0 0.0 0.0 0.0 0.0 0.0 0.0 neu
0.0 0.01675191317103727 0.0 0.0 0.0 0.0 0.0 0.0 0.0 0.0 pos
0.0 0.0 0.0 0.0 0.0 0.0 0.0 0.0 0.0 0.0029361859905647778 pos
0.0 0.0 0.0 0.003176423911984083 0.0 0.0 0.0 0.0 0.0 0.0 neg
0.0 0.009073952967645188 0.0 0.0 0.0 0.009061305354691093 0.0 0.0 0.0 0.0 neu
0.01575268824653222 0.0013348722404241608 0.0 0.002748079531558909 0.0 0.0026660232917479925 0.0 0.0 0.0 0.0 neg
0.007013477574089588 0.001337214121547712 0.0 0.0 0.0 0.0 0.0 0.0 0.0 0.0 neu
0.0 0.0 0.0 0.0 0.0 0.0 0.0 0.0 0.0 0.012401522407517022 neg
0.004345306757859854 0.0033139654316617206 0.0 0.0 0.0 0.0 0.0 0.0 0.0 0.0 neu
0.0 0.013141587056589582 0.0 0.0 0.0 0.0 0.0 0.0 0.0 0.0 neu
0.0 0.022200350949966866 0.0 0.0 0.0 0.0 0.0 0.0 0.0 0.0 pos
0.0029833449382321384 0.0 0.0 0.0 0.0 0.0 0.0 0.0 0.0 0.0 neg
0.02519547615901932 0.012810286542557912 0.0 0.0 0.0 0.0 0.0 0.0 0.0 0.0 pos
0.0 0.0 0.0 0.004965675356076383 0.0 0.0 0.0 0.0 0.0 0.0 neu
0.0 0.0 0.0 0.00481335402613539 0.0 0.0 0.0 0.0 0.0 0.0 neg
0.0 0.0 0.0 7.005149163036325E-4 0.0 0.0 0.0 0.0 0.0 0.0 neg
0.0 0.0 0.0 0.0 0.0 0.062232361303916184 0.0 0.0 0.0 0.0 neu
0.0 0.021172556924505436 0.0 0.0 0.0 0.0 0.0 0.0 0.0 0.0 pos
0.0 0.0 0.0 0.0 0.0 0.0742585024189319 0.0 0.0 0.0 0.0 neg
0.008158535137206257 0.0031110695889069217 0.0 0.0 0.0 0.0 0.0 0.0 0.0 0.0 neg
0.003113459670740705 0.011872461826825479 0.0 0.0 0.0 0.0 0.0 0.0 0.0 0.0 neg
0.0 0.020825465827382397 0.0 0.004287304405792724 0.0 0.0 0.0 0.0 0.0 0.0 pos
0.0 0.012598546269127204 0.0 0.0 0.0 0.0 0.0 0.0 0.0 0.0 neu
0.015219602349864463 0.0 0.0 0.0 0.0 0.0 0.0 0.0 0.0 0.0 neg
0.0209962301325161 0.0 0.0 0.0 0.0 0.03837729326692699 0.0 0.0 0.0 0.0 neu
0.0 0.0 0.0 0.010660009595924844 0.0 0.0 0.0 0.0 0.0 0.0 pos
0.014842879519422272 0.0 0.0 0.0 0.0 0.0 0.0 0.0 0.0 0.0 neg
0.0 0.0 0.0 0.002686906528287906 0.0 0.0 0.0 0.0 0.0 0.0 neg
0.0 0.007817559479817392 0.0 0.0 0.0 0.0 0.0 0.0 0.0 0.0 neu
0.009798240728507513 0.0 0.0 0.0 0.0 0.0 0.0 0.0 0.0 0.0 neg
0.0 0.0 0.0 0.0020485031495040954 0.0 0.0 0.0 0.0 0.0 0.0 pos
0.0014850231118986126 0.006795352593897733 0.0 0.0 0.0 0.0 0.0 0.0 0.0 0.0 neg
0.0 0.0 0.0 0.0 0.0 0.14731928705691327 0.0 0.0 0.0 0.0 pos
0.003896376430049771 0.002971586936772693 0.0 0.003058778581910598 0.0 0.0 0.0 0.0 0.0 0.0 neg
0.0 0.0 0.0 0.0 0.0 0.11709994612216183 0.0 0.0 0.0 0.0 pos
0.0 0.021623036859069383 0.0 0.0 0.0 0.0 0.02247442845868012 0.0 0.0 0.0 pos
0.0 0.0 0.0 0.011887525852425281 0.0 0.0 0.0 0.0 0.0 0.0 neu
0.0017502986940591354 0.0 0.0 0.0 0.0 0.0 0.0 0.0 0.0 0.0016506404605451728 neg
0.0 0.07884952233953749 0.0 0.0 0.0 0.0 0.0 0.0 0.0 0.0 pos
0.0017751697234596206 0.0 0.0 0.0 0.0 0.0 0.0 0.0 0.0 0.0016740953871603797 neg
0.0 0.0 0.0 0.0018823817328696459 0.0 0.0 0.0 0.0 0.0 9.045256266519133E-4 neu
0.0 0.02722185890293556 0.0 0.0 0.0 0.0 0.0 0.0 0.0 0.0 pos
0.001772022259410933 0.0 0.0 0.0 0.0 0.0 0.0 0.0 0.0 0.0 neg
0.0 0.0 0.0 0.002286062663927939 0.0 0.002661362411867314 0.0 0.0 0.0 0.0 neu
0.001768885936827905 0.0 0.0 0.0 0.0 0.0 0.0 0.0 0.0 0.0 neg
0.0 0.01361092945146778 0.0 0.0 0.0 0.0 0.0 0.0 0.0 0.0 pos
0.0017657606966568309 0.0 0.0 0.0 0.0 0.0 0.0 0.0 0.0 0.0 neg
0.0 0.0 0.0 0.012070410865539515 0.0 0.0 0.0 0.0 0.0 0.0 neg
0.0 0.01882005059956039 0.0 0.0 0.0 0.0 0.0 0.0 0.0 0.0 neu
0.0 0.022418001449476345 0.0 0.0 0.0 0.0 0.0 0.0 0.0 0.0 pos
0.0017783283884479828 0.0 0.0031034662797232385 0.0 0.0 0.0 0.0 0.0 0.0 0.0 neg
0.0 0.010888743561174224 0.0 0.0 0.0 0.0 0.0 0.0 0.0 0.0 pos
0.008994784988769896 0.003811060246410979 0.0 0.0 0.0 0.0 0.0 0.0 0.0 0.0 neg
0.032239372719605364 0.024587485460715992 0.0 0.0 0.0 0.0 0.0 0.0 0.0 0.0 pos
0.001753369393522397 0.0 0.0 0.0 0.0 0.0 0.0 0.0 0.0 0.0 neg
0.0017626464802606107 0.0 0.0 0.0 0.0 0.0 0.0 0.0 0.0 0.0 neg
0.0 9.183277702195131E-4 0.0 9.452731400723717E-4 0.0 0.0 0.0 0.0 0.0 0.0 pos
0.0017657606966568309 0.0 0.0030815336558382687 0.0 0.0 0.0 0.0 0.0 0.0 0.0 neg
0.0 0.0 0.0 0.0 0.0 0.07611496497940519 0.0 0.0 0.0 0.0 pos
0.0017657606966568309 0.0 0.0030815336558382687 0.0 0.0 0.0 0.0 0.0 0.0 0.0 neg
0.001800757755509489 0.0 0.0 0.0 0.0 0.0 0.0 0.0 0.0 0.0 neg
0.02983344938232138 0.011376299243017847 0.0 0.0 0.0 0.0 0.0 0.0 0.0 0.0 pos
0.0 0.0013514398036918365 0.0 0.0 0.0 0.0 0.0 0.0 0.0 0.0 neg
0.0 0.0 0.0 0.0 0.0 0.0 0.0 0.0 0.0 0.0023861157037247944 neu
0.0 0.0 0.0 0.0 0.0 0.0 0.0 0.0 0.0 8.4003182083003E-4 pos
0.0 0.0013538402296308983 0.0030979539062246184 0.0 0.0 0.0 0.0 0.0 0.0 0.0 neg
0.0 0.0 0.0 0.0 0.0 0.0 0.0 0.0 0.0 0.004642934497395536 pos
0.0 0.0013348722404241608 0.0030545499986067604 0.0 0.0 0.0 0.0 0.0 0.0 0.0 neg
0.01679698410601288 0.0 0.0 0.0 0.0 0.0 0.0 0.0 0.0 0.0 neg
0.0 0.012003339358774736 0.0 0.00617776934063046 0.0 0.0 0.0 0.0 0.0 0.0 neu
0.0017814983142740931 0.0 0.0 0.0 0.0 0.0 0.0 0.0 0.0 0.0 neg
0.0 0.0 0.0 0.0 0.002819953509984893 0.0 0.0027177482098403915 0.0 0.0 0.0 neu
0.0 0.0 0.0 0.0018352671491463591 0.0 0.0 0.0 0.0 0.0 0.0 pos
0.0017751697234596206 0.0 0.0 0.0 0.0 0.0 0.0 0.0 0.0 0.0 neg
0.0 0.0 0.0 0.0 0.0 0.0 0.0 0.0 0.0 9.463009065976844E-4 pos
0.0 0.0013466643980250808 0.0030815336558382687 0.0 0.0 0.0 0.0 0.0 0.0 0.0 neg
0.0 0.0 0.0 0.0029606668160757302 0.0 0.0 0.0 0.0 0.0 0.0 pos
0.0 0.0013490478748357448 0.003086987697707009 0.0 0.0 0.0 0.0 0.0 0.0 0.0 neg
0.0 0.002412063447095556 0.0 0.0024828376780381915 0.0 0.004817402846797797 0.005014073437775153 0.0 0.0 0.0 neu
0.0 0.009963556199767265 0.0 0.0 0.0 0.0 0.0 0.0 0.0 0.0 pos
0.0016712718299460975 0.0012746020891006619 0.0 0.0 0.0 0.0 0.0 0.0 0.0 0.0 neg
0.0 0.0 0.0 0.0019837590550191367 0.0 0.0019245250310848342 0.0 0.002317432531657701 0.0 0.0 neu
0.0 0.0097097076341681 0.0 0.0 0.0 0.0 0.0 0.0 0.0 0.0 pos
0.028829439066570185 0.014657924024657612 0.0 0.0 0.0 0.0 0.0 0.0 0.0 0.0 neg
0.0 0.0037733269766445335 0.0 0.0 0.0 0.0075361351464757614 0.0 0.0 0.0 0.0 neu
0.0 0.0053115822249630365 0.0 0.0 0.0 0.015912536232628262 0.0 0.0 0.0 0.0 neu
0.0 0.005393009782657046 0.0 0.0 0.0 0.0 0.0 0.0 0.0 0.0 pos
0.004307847216843821 0.0 0.0 0.0 0.0 0.026246539648070753 0.0 0.0 0.0 0.0 neg
0.0 0.0012264071589415861 0.0 6.311960629606343E-4 0.0 0.0 0.0 0.0 0.0 7.58258811722682E-4 neu
0.0 6.811546463647862E-4 0.0 0.0 0.0 0.0 0.0 0.0 0.0 0.0 neu
0.0 0.004580601257705504 0.0 0.0 0.0 0.0 0.0 0.0 0.0 0.0 pos
0.0 0.018005009038162104 0.0 0.00617776934063046 0.0 0.0 0.0 0.0 0.0 0.0 pos
0.0 0.022180773920910456 0.0 0.0 0.0 0.0 0.0 0.0 0.0 0.0 neg
0.008422083322818255 0.004282090164506718 0.0 0.0022038671524159227 0.0 0.0 0.0 0.0 0.0 0.0 neu
0.0 0.0 0.0 0.003982622874416591 0.0 0.0 0.0 0.0 0.0 0.0 pos
0.025958975436565362 0.0 0.0 0.0 0.0 0.0 0.0 0.0 0.0 0.0 neg
0.0 0.0013850006952432388 0.0 9.504260524046862E-4 4.978900352274962E-4 0.002766140459578626 0.0 0.0011102902074750097 0.003633108214974742 0.0 pos
0.01196910843482355 0.004564144007677819 0.0 0.0 0.0 0.0 0.0 0.0 0.0 0.0 neg
0.0 0.022668016335529985 0.0 0.017499852184239446 0.0 0.0 0.0 0.0 0.0 0.0 pos
0.021726533789299268 0.008284913579154302 0.0 0.0 0.0 0.0 0.0 0.0 0.0 0.0 neg
0.0 0.002575040707034445 0.0 0.0 0.0 0.0 0.0 0.0 0.0 0.0 pos
0.02776168206410462 0.0 0.0 0.0 0.0 0.0 0.0 0.0 0.0 0.0 neg
0.0042710280098622495 0.013029265799695655 0.0 0.00335289190709431 0.0 0.0 0.0 0.0 0.0 0.0 pos
0.020292803133152616 0.0 0.0 0.003982622874416591 0.0 0.0 0.0 0.01861004195473341 0.0 0.0 neg
0.003722236701332463 0.007096946455141488 0.0 0.0 0.0 0.0 0.0 0.0 0.0 0.0 neu
0.0 0.007123477096095287 0.0 0.0 0.0 0.0 0.0 0.0 0.0 0.0 pos
0.013325607390770218 0.0 0.0 0.0 0.0 0.0 0.0 0.0 0.0 0.0 neu
0.02939472218552254 0.014945334299650897 0.0 0.0 0.0 0.0 0.0 0.0 0.0 0.0 neg
0.003722236701332463 0.007096946455141488 0.0 0.0 0.0 0.0 0.0 0.0 0.0 0.0 neu
0.0 0.006378343508637621 0.0 0.003282747724937525 0.0 0.0 0.0 0.0 0.0 0.0 pos
0.002379572748351825 0.0 0.0 0.001868039776809687 0.0 0.0 0.003772493348421306 0.0 0.0 0.002244085007074509 neg
0.0 0.0033430353038692794 0.0 0.0 0.0 0.0 0.0 0.0 0.0 0.004133840802505674 neu
0.0 0.006166764152768574 0.0 0.0012695415958900785 0.0 0.0 0.0 0.0 0.0 0.0 pos
0.014842879519422272 0.0 0.0 0.0 0.0 0.0 0.0 0.0 0.0 0.0 neg
0.015066641522227633 0.0 0.0 0.0 0.0 0.0 0.0 0.0 0.0 0.0 neg
0.0 0.0010498788557606004 0.0 0.0043227366736091925 0.0 0.0 0.0 0.0 0.0 0.0012982309958282283 pos
0.015142735671329793 0.0 0.0 0.0 0.0 0.0 0.0 0.0 0.0 0.0 neg
0.0 0.00680546472573389 0.0 0.0 0.0 0.0 0.0 0.0 0.0 0.0 neg
0.0 0.026685761025197225 0.0 0.0 0.0 0.0 0.0 0.0 0.0 0.0 neu
0.0 0.0 0.0 0.023775051704850562 0.0 0.0 0.0 0.0 0.0 0.0 pos
0.009384230556880434 0.0 0.0 0.0 0.0 0.0 0.0 0.0 0.0 0.0 neg
0.0 0.0 0.0 0.0024365736219256785 0.0 0.0 0.0 0.0 0.0 0.0 neu
0.0 0.013450800869685808 0.0 0.0 0.0 0.0 0.0 0.0 0.0 0.0 pos
0.014484355859532845 0.0 0.0 0.0 0.0 0.0 0.0 0.0 0.0 0.0 neg
0.0 0.0 0.0 0.0 0.0 0.0 0.0 0.0 0.0 0.0018301275785850362 pos
0.01420977091432843 0.0 0.0 0.0 0.0 0.0 0.0 0.0 0.0 0.0 neg
0.0020777974102032565 0.0047539213052943605 0.0 0.0 0.0 0.0 0.0 0.0 0.0 0.0 pos
0.01792682608623796 0.006835982504773056 0.0 0.0 0.0 0.0 0.0 0.0 0.008966011454294915 0.0 neg
0.0 0.0 0.0 0.0038365609108071807 0.0 0.0 0.0 0.0 0.0 0.0 pos
0.0 0.0027919855285062118 0.0 0.0 0.0 0.0 0.0 0.0 0.0 0.0 neg
0.0 6.992771094332072E-4 0.0016001358249582204 0.002879180573431444 0.0 0.0 0.001453621290217384 0.0 0.0 0.0 neu
0.0 0.0 0.0 0.002388361358478138 0.0 0.0 0.0 0.0 0.0 0.0 neg
0.0 0.0 0.0 0.0021733426766206883 0.0 0.0 0.0 0.0 0.0 0.0 pos
0.0 0.0 0.0 0.0 0.0 0.0 6.946283236900256E-4 0.0 0.0 0.0 neg
0.0 0.0 0.0 0.0013985324532265035 0.0014652699610705816 0.0 0.0 0.0 0.0 0.0 pos
0.0 0.0 0.0 0.0010747626113151623 0.0 0.0 0.0 0.0 0.0 0.0 neg
0.0 0.010029105911607838 0.0 0.0 0.0 0.0 0.0 0.0 0.0 0.0 pos
0.01107112396514142 0.014584117760686525 0.0 0.0 0.0 0.0 0.0 0.0 0.0 9.491598217233572E-4 neg
0.0 0.0 0.0 0.0 0.026095760259066545 0.0 0.0 0.0 0.0 0.0 pos
0.015219602349864463 0.0 0.0 0.0 0.0 0.0 0.0 0.0 0.0 0.0 neg
0.0 0.0 0.0 0.0016210262526034473 0.0 0.0 0.0 0.0 0.0 0.0 pos
0.0 0.03194900805374473 0.0 0.0 0.0 0.009115564668192239 0.0 0.0 0.0 0.0 neu
0.0 7.077177802063099E-4 0.0 0.0 0.0 0.0 0.0 0.0 0.0 0.0 pos
0.0 0.0 0.0 0.0031226933582490287 0.0 0.0 0.0 0.0 0.0 0.0 neg
0.0 0.0 0.0 9.101817938051838E-4 0.0 0.0 0.0 0.0 0.0 0.0 neu
0.0 0.0 0.0 0.0029220733938922477 0.0 0.0 0.0 0.0 0.0 0.0 pos
0.0 0.0 0.0 0.0014265031022910337 0.0 0.0 0.0 0.0 0.0 0.0 neg
0.0 0.0 0.0 0.0 0.0 0.0 0.0 0.0 0.0 5.764622036521674E-4 neu
0.0 0.0 0.0 0.005033947702860201 0.0 0.0 0.0 0.0 0.0 0.0 pos
0.0 0.0 0.0 0.008313395563020593 0.0 0.0 0.0020986055713072163 0.0 0.0 6.241825847492011E-4 neg
0.0 0.0 0.0 0.0 0.0067378397390212815 0.0 0.0 0.0 0.0 0.0 pos
0.002419904489849313 0.0 0.0 0.0 0.0 0.0 0.0 0.0 0.0 0.0 neg
0.0 0.0 0.0 9.650389990898752E-4 0.0 0.0 0.0 0.0 0.0 0.0 neg
0.0 0.005523275719436201 0.0 0.0014213346127899791 0.0 0.0 0.0 0.0 0.0 0.0 pos
0.0 0.0 0.0 0.0 0.0 0.0 0.0 0.0 0.0 0.004808753586588233 neg
0.0 0.005202812623086661 0.0 0.005355472397679649 0.0 0.0 0.0 0.0 0.0 0.0 pos
0.0 0.0 0.0 0.0034186348856647866 0.0 0.0 0.0 0.0 0.0 0.0 pos
0.016383943513242072 0.0 0.0 0.0 0.0 0.0 0.0 0.0 0.0 0.0 neg
0.0 0.0019103058879253027 0.0 0.005899072979399011 0.0 0.0 0.0 0.0045942083522336865 0.0 0.0 pos
0.0 0.004086927878188718 0.0 0.002103422804986779 0.0 0.0 0.0 0.0 0.0 0.0 pos
0.0038291975260833955 0.011681410716968517 0.0 0.003006041020153519 0.0 0.0 0.0 0.0 0.0 0.0 pos
0.0 0.0075094783180511895 0.0 0.0038649098830545246 0.0 0.0 0.0 0.0 0.0 0.0 pos
0.0 0.0 0.0 0.0069873243560056985 0.0 0.0 0.0 0.0 0.0 0.0 pos
0.0 0.0 0.0 0.0023993171445262033 0.0 0.0 0.0 0.0 0.0 0.0 pos
0.0 0.0 0.0 0.014733834859344009 0.0 0.0 0.0 0.0 0.0 0.0 pos
0.008690613515719708 0.0 0.0 0.0 0.0 0.0 0.0 0.0 0.0 0.004097894360744756 neu
0.0 0.014518324748232302 0.0 0.0 0.0 0.0 0.0 0.0 0.0 0.0 pos
0.009944483127440461 0.015168398990690463 0.0 0.0 0.0 0.0 0.0 0.0 0.0 0.0 neg
0.0 0.0031238198741073597 0.0 0.0 0.0 0.0 0.0 0.0 0.0 0.0038627692744725153 pos
0.0 6.273350199853463E-4 0.0 0.0 0.0 0.0 0.0 0.0 0.0 0.0 neg
0.004899120364253756 0.0 0.0 0.0038459642463728847 0.0 0.0 0.0 0.0 0.0 0.0 pos
0.0 0.0 0.0 8.164169680125583E-4 0.0 0.0 0.0 0.0 0.0 0.0 neg
0.0 0.010441260949071175 0.0 0.0 0.0 0.0 0.0 0.0 0.0 0.0 pos
0.0 0.0 0.0 0.0 0.024176954357664596 0.0 0.0 0.0 0.0 0.0 pos
0.0 0.0 0.0 0.0 0.0 0.0 0.0018677177284914912 0.0 0.0 0.0 neg
0.0 0.00771860303070578 0.0 0.001986270142430553 0.0 0.0 0.0 0.0 0.0 0.0 pos
0.0 4.2700955141859704E-4 0.0 4.3953877101404396E-4 0.0 0.0 0.0 0.0 0.0 0.0 neg
0.0 9.78449357230033E-4 0.0 0.004028635205443227 0.0 0.0 0.0 0.0 0.0 0.0 pos
0.0 0.0 0.0 8.364357209595612E-4 0.0 0.0 0.0 0.0 0.0 0.0020096283645443364 neg
0.0 0.0 0.0 0.0 0.0 0.0 0.010288618222967198 0.0 0.0 0.0 neu
0.0 0.0 0.0 0.0 0.0 0.0 0.0 0.0 0.0 0.003050212630975061 pos
0.0 0.0 0.0 0.0012961068936014348 0.0 0.0 0.0 0.0 0.0 5.190064443674526E-4 neg
0.0 7.307881584680688E-4 0.0 0.002256692347823783 0.0 0.0 0.0 0.0 0.0 0.0 neu
0.0 0.0 0.0 0.0 0.0 0.0 0.0 0.0 0.0 0.0013942539984782452 pos
0.0 0.0 0.0 0.002287395645073086 0.0 0.0 0.0 0.0 0.0 0.0 pos
0.0 0.003595339855104697 0.0 0.0 0.0 0.028722628294115163 0.0 0.0 0.0 0.0 neu
0.0 0.01096707984578699 0.0 0.0 0.0 0.0 0.0 0.0 0.0 0.0 pos
0.0 0.0 0.0 0.0 0.0 0.02537165499313506 0.0 0.0 0.0 0.0 pos
0.0 0.015398223217822138 0.0 0.0 0.0 0.0 0.0 0.0 0.0 0.0 pos
0.0 5.122392804315832E-4 0.0 0.0 0.0 0.0 0.0 0.0 0.0 0.0 neg
0.0 0.0 0.0 0.0 0.0 0.0 0.02629787894335184 0.0 0.0 0.0 neu
0.004164252309615693 0.009527650616027448 0.0 0.0 0.0 0.0031714568741418826 0.0 0.0 0.0 0.0 neu
0.0 0.011209000724738172 0.0 0.0 0.0 0.0 0.0 0.0 0.0 0.0 pos
0.0 0.011376299243017847 0.0 0.0 0.0 0.0 0.0 0.0 0.0 0.0 pos
0.0 0.018076175081791202 0.0 0.0062021874012653634 0.0 0.0 0.0 0.0 0.0 0.0 pos
0.0 0.0 0.0 0.006226799256032289 0.0 0.0 0.0 0.0 0.0 0.0 neu
0.021570227790815102 0.0 0.0 0.0 0.0 0.0 0.0 0.0 0.0 0.0 neg
0.0 0.0 0.0 0.0 0.0 0.0 0.0 0.0 0.0 0.0043234665273912554 pos
0.0 5.594216875465657E-4 0.0 0.0 0.0 0.0 0.0 0.0 0.0 6.917546443826009E-4 neg
0.0 0.01411503794967029 0.0 0.0 0.0 0.0 0.0 0.0 0.0 0.0 pos
0.0 0.004097914243452665 0.0 0.0 0.0 0.0 0.0 0.0 0.0 0.0 pos
6.60992430097729E-4 0.0 0.0 0.0 0.0010873233441277728 0.0 0.0 0.0 0.0 0.0 neg
0.0 0.008967200579790538 0.0 0.0 0.0 0.0 0.0 0.0 0.0 0.0 pos
0.10952554019811138 0.0 0.0 0.0 0.0 0.0 0.0 0.0 0.0 0.0 neg
0.01388084103205231 0.0 0.0 0.0 0.0 0.0 0.0 0.0 0.0 0.0 neg
0.0 0.0 0.0 0.0016982179789178972 0.0 0.0 0.0 0.0 0.0 0.0 pos
0.01388084103205231 0.0 0.0 0.0 0.0 0.0 0.0 0.0 0.0 0.0 neg
0.0 0.0 0.0 0.0020552107564114435 0.002153284736504509 0.0 0.0 0.0 0.0 6.172335972307098E-4 pos
0.0 0.0 0.0 0.0 0.0 0.0 0.0 0.006454539199088877 0.0 0.0 neu
0.0 0.01599046257235376 0.0 0.0 0.0 0.0 0.0 0.0 0.0 0.0 pos
0.0 0.0 0.0 0.0 0.0 0.0 8.532295133747703E-4 0.0 0.0 0.0 neg
0.0 0.00802328472928627 0.0 0.004129351085579307 0.0 0.0 0.0 0.0 0.0 0.0 pos
0.0 0.004076000263541154 0.0 0.012586792079038534 0.0 0.0 0.0 0.004901307841019361 0.0 0.00504019092498018 pos
0.005402273266528467 0.0 0.0 0.0 0.0 0.0 0.0 0.0 0.0 0.0 neg
0.0 0.0052206304745355874 0.0 0.0 0.0 0.0 0.0 0.0 0.0 0.0 pos
0.0 0.0 0.0 0.0 0.0 0.0 0.0 0.002396194944498354 0.0 0.0 neg
0.0 0.0 0.0 0.0 0.0 0.0 0.017222252242792918 0.0 0.0 0.0 neu
0.0 0.03629581187058075 0.0 0.0 0.0 0.0 0.0 0.0 0.0 0.0 pos
0.0 0.001611441964655805 0.0 0.0 0.0 0.0 0.0 0.0 0.00845420953195673 0.0 pos
0.0 0.0010556953591166146 0.0 0.0 0.0 0.0 0.0 0.0 0.0 0.0 neg
0.0 0.004011642364643135 0.0 0.0 0.0 0.0 0.0 0.0 0.0 0.0 neu
0.0 0.03209313891714508 0.0 0.0 0.0 0.0 0.0 0.0 0.0 0.0 pos
0.0 0.01181724107414257 0.0 0.0 0.0 0.0 0.0 0.0 0.0 0.0 pos
0.0 0.0 0.0 0.0 0.0 0.0702599676732971 0.0 0.0 0.0 0.0 neu
0.0 0.0 0.0 0.001728142524801913 0.0 0.0 0.0 0.0 0.0 0.0020760257774698103 neg
0.0 0.0 0.0 0.0 0.0 0.00594648163901603 0.0 0.0 0.0 0.003681701964731616 neg
0.0 0.0 0.0 0.0 0.0 0.0 0.0240980563701437 0.0 0.0 0.0 neu
0.0 0.0 0.0 0.0023537301187802053 0.0 0.0 0.0 0.0 0.0 0.0 pos
0.0 0.0 0.0 0.0 0.0 0.0 0.009002540945096298 0.0 0.0 0.0 neu
0.0 0.010586278462252718 0.0 0.0 0.0 0.0 0.0 0.0 0.0 0.0 pos
0.012813084029586747 0.0 0.0 0.0 0.0 0.0 0.0 0.0 0.0 0.0 neg
0.0 0.0 0.0 7.284834784216049E-4 0.0 0.0 0.0 0.0 0.0 8.75130643427385E-4 pos
0.0 0.0 0.0 0.0 0.0 0.0 0.0 0.0 0.0 0.010357315417266965 pos
0.0 0.0018322405030822015 0.0 0.0 0.0 0.0 0.0 0.0 0.0 0.0 pos
0.0 0.0 0.0 0.0014448926450461666 0.0 0.002803497789296692 0.0 0.0 0.0 0.0 neg
0.002039633784301564 0.0015555347944534608 0.0 0.0032023539031023206 0.0 0.0 0.0 0.0 0.0 0.0 pos
0.0 0.0 0.0 0.0 0.0 0.0 0.0 0.0 0.0 7.25570210139564E-4 neg
0.0 0.007622120492821958 0.0 0.0039228835313003425 0.0 0.0 0.0 0.0 0.0 0.0 pos
0.0 0.0 0.0 0.0024946795111607904 0.0 0.0 0.0 0.0 0.0 0.0 neu
0.0 0.023819126540068618 0.0 0.0 0.0 0.0 0.0 0.0 0.0 0.0058907231435705865 pos
0.0 0.0 0.0 0.005029337860641464 0.0 0.0 0.0 0.0 0.0 0.0 pos
0.0 0.0 0.0 0.0 0.0 0.0 0.0 0.0 0.0 0.00304037323539127 pos
0.0 0.01209860395686025 0.0 0.0 0.0 0.0 0.0 0.0 0.0 0.0 pos
0.0 0.0 0.0 0.0 0.0 0.0 0.0 0.0 0.0 0.0014258936504860723 pos
0.0 0.0030984229645617716 0.0 0.0 0.0 0.0 0.0 0.0 0.0 0.0 neu
0.0 0.0 0.0 0.002406677013067695 0.0 0.0 0.0 0.0 0.0 0.0 pos
0.0 0.0 0.0 0.0 0.0 0.0 0.0 0.0 0.0 0.00504019092498018 pos
0.0 0.0 0.0 0.0018814789118946486 0.0 0.0 0.0 0.0 0.0 0.0 pos
0.0 0.0 0.0 0.001488760353434665 0.0 0.0 0.0 0.0 0.0 0.0 neg
0.0 0.0 0.0 0.0 0.0 0.0 0.0 0.002023277188235365 0.0 0.0 neg
0.0 0.003545172322242771 0.0 0.0 0.0 0.0 0.0 0.0 0.0 0.0 neu
0.0 0.008422232588753544 0.0 0.0 0.0 0.0 0.0 0.010127564268183651 0.0 0.0 pos
0.0 0.0031627055986813103 0.0 0.0 0.0 0.0 0.0 0.0 0.0 0.001955426769649987 pos
0.0 0.0 0.0 0.0 0.0 0.0 0.0 0.0 0.0 9.05394527349946E-4 pos
0.0 0.0 0.0 0.0 0.0 0.022386754405707407 0.0 0.0 0.0 0.0 neu
0.0 0.0025837696585837146 0.0 0.0 0.0 0.0 0.0 0.0 0.0 0.0 pos
0.0 0.0 0.0 0.0 0.0 0.0 0.0 0.0 0.0 0.0014173168465733742 neg
0.009168995911080426 0.006992771094332072 0.0 0.0 0.0 0.0 0.0 0.0 0.0 0.0 neu
0.0 0.0 0.0 0.0032420525052068946 0.0 0.0 0.0 0.0 0.0 0.0 pos
0.0 0.0 0.0 0.002349032054670864 0.0 0.0 0.0 0.0 0.0 0.0 neg
0.0 0.01693804553960435 0.0 0.011623358611260274 0.0 0.0 0.0 0.0 0.0 0.0 pos
0.0 0.007898570458882858 0.0 0.0 0.0 0.0 0.0 0.0 0.0 0.0 pos
0.0 0.0 0.0 0.0 0.0 0.0068882321248330495 0.0 0.0 0.0 0.0 neu
0.0 0.0027656460423882284 0.0 5.693590030914866E-4 0.0 0.0038665076549770413 0.0 6.651266808930483E-4 0.0 0.0 pos
0.0 0.0 0.0 0.0 0.0 0.0 0.0 0.0 0.0 5.626959420724142E-4 pos
0.0 0.011909563270034309 0.0 0.0 0.0 0.0 0.0 0.0 0.0 0.0029453615717852932 pos
0.0 0.0 0.0 0.001299685322352405 0.0 0.0 0.0 0.0 0.0 5.204393721542208E-4 pos
0.0 0.0 0.0 0.0013297910275594381 0.0 0.0 0.0 0.0 0.0 0.0015974842423242266 pos
0.0 0.0 0.0 0.0 0.0 0.0 0.0 0.0 0.0 0.0012192958641284526 pos
0.0 0.0 0.0 0.0015818078755243316 0.0 0.0 0.0 0.0 0.0 0.0 pos
0.0 0.0 0.0 0.0029495364896995053 0.0 0.0 0.0 0.0 0.0 0.0 neu
0.0 0.0 0.0 0.001467412792256986 0.0 0.0 0.0 0.0 0.0 0.0 pos
0.0 0.0 0.0 0.002292594271539161 0.0 0.0 0.0 0.0 6.491625176323917E-4 3.060115918737967E-4 pos
0.015375700835504099 0.0 0.0 0.0 0.0 0.0 0.0 0.0 0.0 0.0 neg
0.0 0.0 0.0 0.0016854494226854317 0.0 0.0 0.0 0.0 0.0 0.002024738352247677 pos
0.0010282104468186898 0.0 0.0 0.0 0.0 0.0 0.0 0.0 0.0 0.0 pos
0.0 0.0 0.0 0.0 0.0 0.0 0.0 0.0 0.0 0.009150637892925181 pos
0.0 0.0010842276661197664 0.0 0.0 0.0 0.0 0.0 0.0 0.0 0.0020110576877054634 pos
0.0 0.0 0.0 0.0018077804291706647 0.0 0.0 0.0 0.0 0.0 0.0021716951681366213 neg
0.0 0.0 0.0 0.0015818078755243316 0.0 0.0 0.0 0.0 0.0 0.0019002332721195438 pos
0.016119686359802682 0.0 0.0 0.0 0.0 0.0 0.0 0.0 0.0 0.0 neg
0.0 0.0 0.0 5.234000708873038E-4 0.0 0.0 0.0 0.0 0.0 3.143814886495309E-4 neu
0.0 0.0 0.0 4.151199504021527E-4 0.0 0.0 0.0 0.0 0.0 4.986855571276687E-4 neu
0.0 0.0 0.0 0.0 0.0 0.0 0.0 0.0 0.0 0.0011578816989819332 pos
0.0 0.0 0.0 0.0 0.0 0.0 0.0 0.0 0.0 0.0019313846372362577 neu
0.0 0.0 0.0 0.0 0.0 0.0 0.0 0.0 0.0 0.0051644696053221575 pos
0.0 2.6237936291986086E-4 0.0 2.700780400206776E-4 0.0 0.0 0.0 0.0 0.0 0.0 neu
0.0 0.0 0.0 6.549054309349486E-4 0.0 0.0 0.0 0.0 0.0 0.0 pos
0.023063551253256147 0.008794754414794567 0.0 0.0 0.0 0.0 0.0 0.0 0.0 0.0036250603960434375 neg
0.0 0.0 0.0 0.0 0.0 0.0 0.0 0.0 0.0 0.002066920401252837 neu
2.4991761798143696E-4 0.0 0.0 0.0015695457989698795 0.0 0.0 0.0 0.0 0.0 0.0 pos
0.07312833324203168 0.0 0.0 0.0 0.0 0.0 0.0 0.0 0.0 0.0 neg
0.0 0.0 0.0 8.971717624471909E-4 0.0 0.0 0.0 0.0 0.0 0.0016166650136728881 pos
0.0 4.013754867204822E-4 0.0 8.263051145445692E-4 0.0 0.0 0.0 0.0 0.0 0.0 neu
0.0 0.0 0.0 0.0011703113160203885 0.0 0.0 0.0 0.0 0.0 0.0014059005115920251 pos
7.133622800198189E-4 0.0 0.0 0.001680035773576164 0.0 0.0 0.0 0.0 0.0 6.727449700009234E-4 neg
0.0 0.0 0.0 8.113512991314048E-4 0.0 0.0 0.0 0.0 0.0 0.0 pos
0.0 0.0 0.0 0.003052827650817387 0.0 0.0 0.0 0.0 0.0 0.0 neu
0.0 0.0022889250729195066 0.0 0.004712172409970381 0.0 0.0 0.0 0.0 0.0 0.0 pos
0.020396337843015637 0.007777673972267303 0.0 0.0 0.0 0.0 0.0 0.0 0.0 0.0 neg
6.046101356973784E-4 4.611083177750731E-4 0.0 0.0 9.945752548827542E-4 0.0 0.0 0.0 0.0 0.0 neu
0.11385803783253033 0.0 0.0 0.0 0.0 0.0 0.0 0.0 0.0 0.0 neg
0.0 0.0 0.0 0.0011248411559284135 0.0 0.0 0.0 0.0 0.0 0.0 neu
0.0 0.006929200448019961 0.0 0.0 0.0 0.0 0.0 0.0 0.0 0.0 pos
0.062463784644235396 0.0 0.0 0.0 0.0 0.0 0.0 0.0 0.0 0.0 neg
0.0 0.0 0.0 0.004843066088025114 0.0 0.0 0.0 0.0 0.0 0.0 neu
0.0 0.002105558147188386 0.0 0.0043346779351385 0.0 0.0 0.0 0.0 0.0 0.0 pos
0.0 4.2345113849010874E-4 0.0 4.358759479222603E-4 0.0 0.0 0.0 0.0 0.0 0.0 neu
0.03172763664469099 0.0 0.0 0.0 0.0 0.0 0.0 0.0 0.0 0.0 neg
0.0 0.0037733269766445335 0.0 0.0 0.0 0.0 0.0 0.0 0.0 0.0 neu
0.0 0.018005009038162104 0.0 0.0 0.0 0.011986608658174044 0.0 0.0 0.0 0.007421383487962943 pos
0.0 0.0 0.0 0.0024029914433692755 0.0 0.0 0.0 0.0 0.0 0.0 pos
0.0 0.0 0.0 0.002868653404972828 0.0 0.0 0.0 0.0 0.0 0.0 neu
0.0 0.0 0.0 0.002731337532672127 0.0 0.0 0.0 0.0 0.001740139733949318 4.10146084843905E-4 pos
0.0 0.0 0.0 9.734202310918964E-4 0.0 0.0 0.0 0.0 0.0 0.0011693743213043346 pos
0.0 0.0 0.0 0.0031133996280161445 0.0 0.0 0.0 0.0 0.0 0.0074802833569150295 neu
0.0 0.004647634446842657 0.0 9.568008612927664E-4 0.0 0.0 0.001932252690654815 0.0 0.0 0.0 pos
0.0 0.0 0.0 0.003269069609416952 0.0 0.0 0.0 0.0 0.0 0.0 neu
0.0 0.0018515272452199088 0.0 6.352847823968166E-4 0.0 0.0 0.0 0.0 0.0 0.0 pos
0.0 0.0 0.0 5.158295241683554E-4 0.0 0.0 0.0 0.0 0.0 0.004337679106376762 neu
0.0 0.007224758760968681 0.0 0.0 0.0 0.0 0.0 0.0 0.0 0.0 pos
0.0 0.007224758760968681 0.0 0.0 0.0 0.0 0.0 0.0 0.0 0.0 pos
0.0 0.03313965431661721 0.0 0.0 0.0 0.0 0.0 0.0 0.0 0.0 pos
0.0 0.0 0.0 7.573134230309541E-4 0.0 0.0 0.0 0.0 0.0 0.0 pos
0.0 0.0 0.0 7.648810199951923E-4 0.0 0.0 0.0 0.0 9.746139674909901E-4 4.5942759101696013E-4 pos
0.0 0.0032853967641473954 0.0 0.0 0.0 0.0 0.0 0.0 0.0 0.0 pos
0.0 0.004120065131255113 0.0 0.0 0.0 0.0 0.0 0.0 0.0 0.0 neu
0.0 0.007190679710209394 0.0 0.0 0.0 0.0 0.0 0.0 0.0 0.0 pos
0.0 0.007156920650537049 0.0 0.0 0.0 0.0 0.0 0.0 0.0 0.0 pos
0.008981720667798553 0.0 0.0 0.0 0.0 0.02611788013999198 0.0 0.0 0.0 0.0 neu
0.0 0.0 0.0 8.063481050977066E-4 0.0 0.0 0.0 0.0018839559430023033 0.0 0.0019373395744528134 pos
0.0 0.007190679710209394 0.0 0.0 0.0 0.0 0.0 0.0 0.0 0.0 pos
0.0 0.0 0.0 0.009452731400723717 0.0 0.0 0.0 0.0 0.0 0.0 neu
0.0 0.007190679710209394 0.0 0.0 0.0 0.0 0.0 0.0 0.0 0.0 pos
0.0 0.0 0.0 0.0029606668160757302 0.0 0.0 0.0 0.0 0.0 0.0 pos
0.0 0.002427426908542025 0.0 0.0 0.0 0.0 0.0 0.0 0.0 0.0 neu
0.0 0.002532265944459122 0.0 0.0 0.0 0.0 0.0 0.0 0.0 0.0 pos
0.0 0.0037363335749127243 0.0 0.0 0.0 0.0 0.0 0.0 0.0 0.0 pos
0.0 0.0 0.0 0.00355012084280574 0.0 0.0 0.0 0.0 0.0 0.0 neu
0.0 0.0 0.0 0.010896898698056505 0.0 0.0 0.0 0.0 0.0 0.0 pos
0.0 0.0 0.0 0.0 0.0 0.0 0.04526992018105567 0.0 0.0 0.0 neu
0.0 0.0 0.0 9.263007157733984E-4 0.0 0.0 0.0 0.0 0.0 0.0 pos
0.0 0.0 0.0 0.0 0.0 0.0 0.06133344024530123 0.0 0.0 0.0 neu
7.355892205405542E-4 1.870000120908233E-4 0.0 1.9248692499020323E-4 0.0 7.469574580903354E-4 0.0 0.0 0.0 6.9370635645581E-4 neu
0.0 0.0 0.0 0.0048781971373683015 0.0 0.0 5.473047344859925E-4 0.0 0.0 0.0 pos
0.0 0.0 0.0 0.005773663414832883 0.0 0.0 0.0 0.0 0.0 0.0 pos
0.0 0.0 0.0 0.01281988082124295 0.0 0.0 0.0 0.0 0.0 0.0 pos
0.0 0.0 0.0 0.0 0.0 0.0 0.0 0.01378262505670106 0.0 0.0 neu
0.0 0.008628815652251272 0.0 0.0 0.0 0.0 0.0 0.0 0.0 0.007113326060160708 pos
0.0 0.0 0.0 0.0015722980085372113 0.0 0.0 0.0 0.0 0.0 0.0028332135359858527 neu
0.0 0.0 0.0 0.00355012084280574 0.0 0.0 0.0 0.0 0.0 0.0 pos
0.0 0.0 0.0 0.0019638966364457283 0.0 0.0 0.0 0.0 0.0 5.898095763274679E-4 neu
0.0 0.0 0.0 0.0 0.0 0.0 0.0 0.0 0.0 0.0011127694249956242 neu
0.0 0.0 0.0 0.002006590041585853 0.0 0.0 0.0 0.0 0.0 0.0020087717454631156 pos
0.0 0.0 0.0 0.0 0.0 0.0 0.0 0.0 0.0 0.004642934497395536 pos
0.0 0.0 0.0 0.0011192249732668595 0.0 0.0 0.0 0.0 0.0 0.001344530246749349 pos
0.0 0.0 0.0 0.004978278593020739 0.0 0.0 0.0 0.0 0.0 0.001196085917476261 pos
0.0 0.0 0.0 0.0 0.0 0.0 0.0 0.0 0.0 0.0017136649144932612 neu
0.0 0.0 0.0 0.01231245049056777 0.0 0.0 0.0 0.0 0.0 0.01068239244867203 pos
0.0 0.0 0.0 0.0 0.0 0.0 0.0 0.0 0.0 0.0016740953871603797 neu
0.0 0.0 0.0 0.00437090087052963 0.0 0.0 0.0 0.0 0.0 0.0 pos
0.0 0.0 0.0 0.0013764503618597693 0.0 0.0 0.0 0.0 0.0 0.0016535363210022696 neu
0.0 0.0 0.0 0.021643495345105335 0.0 0.0 0.0 0.0 0.0 0.0 pos
0.0 0.0 0.0 0.007562185120578974 0.0 0.0 0.0 0.0 0.0 0.0 pos
0.0 0.004824126894191112 0.0 0.0 0.0 0.0 0.0 0.0 0.0 0.0 pos
0.0 0.0 0.0 7.62465215024362E-4 0.0 0.0 0.0 0.0 0.0 0.004579765320560222 neu
0.0 0.0 0.0 0.002637232626084264 0.0 0.0 0.0013314682406192844 0.0 0.0 7.920300024968855E-4 pos
0.0 0.0 0.0 0.0077680862005947374 0.0 0.0 0.0 0.0 0.0 0.0 pos
0.0 0.0 0.0 0.004997303861529099 0.0 0.0 0.0 0.0 0.0 0.0 pos
0.0 0.0 0.0 0.0019372264352100455 0.0 0.0 0.0 0.0 0.0 0.0034907988998936807 pos
0.0 0.0 0.0 0.00467938393395667 0.003268455062268772 0.0 0.0 0.0 0.0 0.001873788673899192 pos
0.0 0.0 0.0 0.0011009027683724067 0.0 0.0 0.0 0.0 0.0 0.0017633595939593896 pos
4.846850408864046E-4 0.0 0.0 0.0 0.0 0.0 0.0 0.0 0.0 0.0 neg
0.0 0.0038398591903385177 0.0 0.0019762637437281323 0.0 0.0 0.0 0.0 0.0 0.0 pos
0.0 0.0030858787420331812 0.0 0.0 0.0 0.0 0.0 0.0 0.0 0.0 neu
0.0021355140049311248 0.0 0.0 0.0 0.0 0.0 0.0 0.0 0.0 0.0 neg
0.0 0.014564561451252149 0.0 0.0 0.0 0.0 0.0 0.0 0.0 0.0 neu
0.0 0.012495279496429439 0.0 0.0 0.0 0.0 0.0 0.0 0.008194346534048222 0.0 pos
0.0 0.010513269645271666 0.0 0.0 0.0 0.0 0.0 0.0 0.0 0.0 pos
0.0036743402731903175 0.0 0.0 0.0 0.0 0.0 0.0 0.0 0.0 0.0 neg
0.0 0.0031366750999267316 0.0 0.0 0.0 0.0 0.0 0.0 0.0 0.0 pos
0.005334985165343948 0.0 0.0 0.0 0.0 0.0 0.0 0.0 0.0 0.0 neg
0.0 0.0015492114822808858 0.0 0.0 0.0 0.0 0.0 0.0 0.0 0.0 pos
7.811024261881722E-4 0.0 6.81574071592208E-4 0.0012263801582806854 0.0 0.0 0.0 0.0 0.0 0.0 neg
0.0 0.010162827323762611 0.0 0.0 0.0 0.0 0.0 0.0 0.0 0.0 neu
0.0 0.0 0.0 0.0 0.0027129255714871165 0.0 0.0 0.0 0.0 0.0 neg
0.0 0.010697712972381696 0.0 0.0 0.0 0.0 0.0 0.0 0.0 0.0 neu
0.03059450676452346 0.0 0.0 0.0 0.0 0.0 0.0 0.0 0.0 0.0 neg
0.0 0.003990639001477465 0.0 0.004107731446387793 0.0 0.0 0.0 0.0 0.0 0.0 pos
0.0 0.0 0.0 0.00750791106468965 0.0 0.0 0.0 0.0 0.0 0.0 neg
0.010095157114219863 0.0 0.0 0.0 0.0 0.0 0.0 0.0 0.0 0.0 neu
0.0 0.0 0.0 0.0 0.0 0.0 0.0 0.0 0.0 0.0011508128241407738 neg
0.0 0.015945858771594053 0.0 0.0 0.0 0.0 0.0 0.0 0.0 0.0 neu
0.0 0.014381359420418788 0.0 0.0 0.0 0.0 0.0 0.0 0.0 0.0 pos
0.0 0.0 0.0 0.0 0.002140667833751553 0.0 0.0 0.0 0.0 0.0 neg
0.004104396526931279 0.0 0.0 0.0 0.0 0.0 0.0 0.0 0.0 0.0 neg
0.008923397806319342 0.01361092945146778 0.0 0.0 0.0 0.0 0.0 0.0 0.0 0.0 neu
0.005287939440781832 0.0 0.0 0.0 0.0 0.0 0.0 0.0 0.0 0.0 pos
0.0 0.0 0.0 0.0 0.0019525331310227942 0.0 0.0 0.0 0.0 0.0 neg
0.0 0.0 0.0 0.0 0.0016707651385377974 0.0015470521337277478 0.0 0.0 0.0 9.578411615561929E-4 neg
0.0 0.0 0.0 0.0 0.0 0.0 0.0 0.0 0.003299373851993014 0.0 neg
0.0 0.03143142471266787 0.0 0.0 0.0 0.0 0.0 0.0 0.0 0.0 neu
0.0 0.0 0.0 0.0 0.0 0.0 0.0 0.0 0.0 0.012083534653478124 pos
4.6463066216074675E-4 0.0 0.0 0.0 0.0 0.0 0.0 0.0 0.0 0.0 neg
0.0 0.002909206294970213 0.0 0.0 0.0 0.0 0.0 0.0 0.0 0.0 neg
0.0 0.0435549742446969 0.0 0.0 0.0 0.0 0.0 0.0 0.0 0.0 neu
0.0 0.0 0.0 0.0034112030706959498 0.0 0.0 0.0 0.0 0.0 0.0 pos
0.0 0.0 0.0 0.0 0.0011416895113341616 0.0 0.0 0.0 0.0 0.0 neg
0.0 0.007622120492821958 0.0 0.0 0.0 0.0 0.0 0.0 0.0 0.0 pos
0.0 0.0 0.0 0.0 0.002432001325918924 0.0 0.0 0.0 0.0 0.0 neg
0.0 0.0 0.0 6.192397050197857E-4 0.0 0.0 0.0 0.0 0.0 0.0 neg
0.0 0.0 0.0 0.006538139218833904 0.0 0.0 0.0 0.0 0.0 0.0 pos
0.001606785457086441 0.0 0.0 0.0 0.0 0.0 0.0 0.0 0.0 0.0 neg
0.0 0.02088252189814235 0.0 0.0 0.0 0.0 0.0 0.0 0.0 0.0 pos
0.0 0.02060032565627556 0.0 0.0 0.0 0.0 0.0 0.0 0.0 0.0 neu
0.0 0.015244240985643916 0.0 0.0 0.0 0.0 0.0 0.0 0.0 0.0 neu
0.0 0.0 0.0 0.0 0.0 0.0 0.0 0.0 0.0 0.005577015993912981 pos
0.0 0.0 0.0 0.0 0.0 0.0 0.032335657272182614 0.0 0.0 0.0 neu
5.004609686067933E-4 0.0 0.0 0.0 0.0 0.0 0.0 0.0 0.0 0.0 neg
0.0 0.0 0.0 0.03017602716384879 0.0 0.0 0.0 0.0 0.0 0.0 pos
0.0 0.0 0.0 0.00560411933042906 0.0 0.0 0.0 0.0 0.0 0.0033661275106117634 neu
0.0 0.01429147592404117 0.0 0.0 0.0 0.0 0.0 0.0 0.0 0.0 neu
0.0 0.0 0.0 0.0 0.0 0.0 0.008851660370597477 0.0 0.0 0.0 neu
0.0 0.0 0.0 0.004965675356076383 0.0 0.0 0.0 0.0 0.0 0.0 pos
0.0 0.0 0.0 0.0027723558525090757 0.0 0.0 0.0 0.0 0.0 0.0 neu
0.0 0.0 0.0 0.004033813399794696 0.0 0.0 0.0 0.0 0.0 0.0024229195449133514 pos
0.018856991590712573 0.0 0.0 0.0 0.0 0.0 0.0 0.0 0.0 0.0 neu
0.0 0.0 0.0 0.0 0.0 0.0 0.0 0.0 0.0 0.00483341386139125 pos
0.0 0.0 0.0 0.0011337813674278446 0.0 0.0 0.0 0.0 0.0 0.0027240338236164557 pos
0.0 0.0 0.0 0.0 0.0 0.0 0.0 0.0 0.002641242475967987 0.0012450669788260154 neu
0.009428495795356286 0.0 0.016454226879287357 0.0 0.0 0.0 0.0 0.0 0.0 0.0 neg
0.0 0.0 0.0 0.011887525852425281 0.0 0.0 0.0 0.0 0.0 0.0 pos
0.0 0.003990639001477465 0.0 0.0027384876309251953 0.0 0.0 0.0 0.0 0.0 0.0 neu
0.0 0.0 0.0 0.003058778581910598 0.0 0.0 0.0 0.0 0.0 0.0018372625788914106 neu
